5.054322180067993386e+00
7.987329017826944266e+00
5.778650712995029970e+00
3.463926963893981803e+00
7.932832020614052126e+00
5.981865679346641151e+00
5.478934361367815420e+00
7.501510159820942825e+00
3.817463688408774036e+00
4.513071267818501653e+00
4.881961093713480082e+00
4.736745464251266302e-01
1.278729335106245424e+00
3.989292824391847958e+00
6.780370472994626807e-01
1.812491207314145036e+00
2.421193566219577598e+00
1.224394456839295042e+00
3.036131013224734776e+00
2.055493713225221786e+00
6.769113724523501130e-01
6.753022862880112553e-01
9.909536141430999034e-01
3.816211007954919410e+00
5.648511260960497049e-01
5.222831833452631578e+00
3.494058344415938322e+00
3.401708240541525541e+00
2.981028496054828114e+00
6.085325640829276850e+00
9.298299563971480497e-01
4.530105465746604665e+00
3.167703615237942305e+00
3.321813915762767522e+00
2.652499648222812478e-01
1.327860804715703003e+00
3.435595389161368640e+00
4.409516554261617927e+00
2.424028008686205826e+00
6.097267632698762790e-02
